time;NSC_res;NSC_G;NSC_PC;Liver_res;Liver_G;Liver_PC;Liver_res2;Pancreas_res;Pancreas_G;Pancreas_PC;Beta_res;Beta_res2;Beta_G;Beta_PC;Alpha_res;Alpha_G;Alpha_PC;Surrenal_res;Surrenal_G;Surrenal_PC;Glucose;Glycogene;AcidesGras;AcidesAmines;AcetylCoA;Pyruvate;ATP;AMPK;Cortisol;Insulin;Glucagon
200.0;1.0;0;1;1;0;0;0;0;0;1;0;0;0;1;1;0;1;1;0;0;39.0;2.200000000000017;0.8000000000000034;195.0;10.400000000000112;1.0;2661.400000000005;0;5.724074641939361;0.8231540244954781;6.923876624842639
201.0;1.0;0;1;1;0;0;0;1;0;1;1;0;0;1;0;0;1;1;0;0;68.0;7.000000000000018;1.1000000000000034;200.0;10.400000000000112;1.0;2581.400000000005;0;4.240498791290859;4.609807499773735;5.129333961435662
202.0;1.0;0;1;1;0;0;1;1;0;1;1;0;0;1;0;0;1;1;1;0;73.0;7.000000000000018;1.1000000000000034;195.0;10.400000000000112;1.0;2501.400000000005;1;3.1414387693670696;7.415029389667617;3.799904058593074
203.0;1.0;0;1;1;0;0;1;1;0;1;1;1;0;1;0;0;0;1;1;0;78.0;7.000000000000018;1.1000000000000034;190.0;10.400000000000112;1.0;2421.400000000005;1;2.327235079503078;9.493188878756207;2.8150381634481594
204.0;1.0;0;0;0;0;0;1;1;0;1;1;1;0;1;0;0;0;0;1;0;72.0;8.000000000000018;1.9000000000000035;190.0;10.90000000000011;1.0;2385.800000000005;1;1.7240581507055464;11.032727293755645;2.085431563396796
205.0;1.0;0;0;0;1;0;1;1;0;1;1;1;0;1;0;0;0;0;1;0;90.0;13.800000000000018;3.0000000000000036;200.0;11.40000000000011;1.0;2350.2000000000053;1;1.2772136915574959;12.173245403026682;1.5449257001491077
206.0;1.0;0;0;0;1;0;1;1;0;1;1;1;0;0;0;0;0;0;1;0;84.0;14.800000000000018;3.8000000000000034;200.0;11.90000000000011;1.0;2314.6000000000054;1;0.9461831744099525;13.018161999392127;1.1445091082699193
207.0;1.0;0;0;0;1;0;1;1;0;0;1;1;0;0;0;0;0;0;1;0;78.0;15.800000000000018;4.600000000000003;200.0;12.40000000000011;1.0;2279.0000000000055;1;0.7009497357053606;13.64409160893603;0.8478732011425412
208.0;1.0;1;0;0;1;0;1;1;0;0;1;1;0;0;0;1;0;0;1;1;72.0;16.80000000000002;5.400000000000003;200.0;12.90000000000011;1.0;2243.4000000000055;1;0.5192763359925656;14.107791668550346;0.6281199162341297
209.0;1.0;1;0;0;1;0;1;1;0;0;1;1;0;0;0;1;0;0;1;1;66.0;17.80000000000002;6.200000000000003;200.0;13.40000000000011;1.0;2207.8000000000056;1;0.3846893712721344;14.451309121643831;0.4653226787193176
210.0;1.0;1;0;0;1;0;1;1;0;0;1;1;1;0;0;1;0;0;1;1;60.0;18.80000000000002;7.000000000000003;200.0;13.90000000000011;1.0;2172.2000000000057;1;0.2849848955409913;10.705793110017662;0.34471951889169555
211.0;0.0;1;0;0;1;0;1;1;1;0;0;1;1;0;0;1;0;0;1;1;54.0;19.80000000000002;7.8000000000000025;200.0;14.40000000000011;1.0;2136.600000000006;1;0.21112200323584243;7.93104660274988;5.255374500619603
212.0;0.0;1;0;0;1;1;1;1;1;0;1;1;1;0;0;1;0;0;1;1;72.0;25.60000000000002;8.900000000000004;210.0;14.90000000000011;1.0;2101.000000000006;1;0.15640302678393667;9.87546383239295;3.8932771865650864
213.0;0.0;1;0;0;1;1;1;1;1;0;1;1;1;0;0;1;0;0;1;1;66.0;26.60000000000002;9.700000000000005;210.0;12.500000000000112;1.0;2094.400000000006;1;0.11586621201131103;11.315923544720004;2.884210677971872
214.0;0.0;1;1;0;1;1;1;1;1;0;1;1;1;0;0;1;0;0;1;1;60.0;27.60000000000002;10.500000000000005;210.0;10.100000000000113;1.0;2087.800000000006;1;0.08583580101935012;8.38304234576983;2.136675822526333
215.0;0.0;1;1;0;1;1;1;1;1;0;0;1;1;0;0;1;1;0;0;1;54.0;28.60000000000002;11.300000000000006;210.0;7.700000000000115;1.0;2081.200000000006;1;0.06358872538194495;6.2103105144927;7.082888381017604
216.0;0.0;1;1;0;1;1;1;0;1;0;0;0;1;1;0;1;1;0;0;1;56.0;21.60000000000002;9.700000000000006;210.0;23.300000000000118;1.0;2021.2000000000062;1;0.0;4.600711185227445;10.747132767712674
217.0;0.0;1;1;0;1;1;0;0;1;1;0;0;1;1;0;1;1;0;0;1;58.0;14.60000000000002;8.100000000000007;210.0;8.50000000000012;1.0;2265.200000000006;0;0.0;3.4082906741106735;13.46167177440709
218.0;0.0;1;1;0;1;1;0;0;1;1;1;0;1;1;0;1;1;0;0;1;60.0;7.600000000000019;6.500000000000007;210.0;24.100000000000122;1.0;2205.200000000006;0;0.0;2.524923832760762;9.972651731317564
219.0;0.0;1;1;0;0;1;0;1;1;1;1;0;1;1;0;1;1;0;0;1;62.0;0.6000000000000192;4.9000000000000075;210.0;9.300000000000125;1.0;2449.200000000006;0;0.0;7.8705095811426915;7.387922111073131
220.0;0.0;0;1;0;0;1;0;1;1;1;0;1;1;1;0;1;1;0;0;1;56.0;1.6000000000000192;5.700000000000007;210.0;6.900000000000125;1.0;2442.6000000000063;0;0.0;5.830616903760541;10.973107312860318
221.0;0.0;0;1;0;0;1;0;0;1;1;0;0;1;1;0;0;1;0;0;1;51.0;1.6000000000000192;4.100000000000007;210.0;22.500000000000128;1.0;2382.6000000000063;0;0.0;4.319427240120631;13.129077834862727
222.0;0.0;0;1;0;0;1;0;0;1;1;0;0;0;1;1;0;1;0;0;1;46.0;1.6000000000000192;2.5000000000000067;210.0;7.700000000000131;1.0;2626.6000000000063;0;0.0;3.199910402390309;14.726260080814786
223.0;1.0;0;1;0;0;1;0;0;0;1;0;0;0;1;1;0;1;0;0;0;41.0;1.6000000000000192;0.9000000000000066;210.0;23.300000000000132;1.0;2566.6000000000063;0;0.0;2.3705519306397087;15.90948179036542
224.0;1.0;0;1;0;0;1;0;0;0;1;0;0;0;1;1;0;1;0;0;0;36.0;1.6000000000000192;0.9000000000000066;210.0;2.9000000000001336;1.0;2810.6000000000063;0;2.5;1.75614806329012;11.786033991906702
225.0;1.0;0;1;0;0;1;0;1;0;1;0;0;0;1;0;0;1;0;0;0;55.0;6.40000000000002;1.2000000000000066;220.0;12.900000000000134;1.0;2750.6000000000063;0;1.8520455517042946;1.3009864835002316;13.731308730778567
226.0;1.0;0;1;0;0;1;0;0;0;1;0;0;0;1;0;0;1;0;0;0;50.0;6.40000000000002;1.2000000000000066;220.0;22.900000000000134;1.0;2690.6000000000063;0;1.372029090235066;0.9637944918376067;15.172403701566715
227.0;1.0;0;1;0;0;0;0;0;0;1;0;0;0;1;1;0;1;0;1;0;45.0;6.40000000000002;1.2000000000000066;220.0;2.500000000000135;1.0;2934.6000000000063;0;1.0164241493514978;0.7139965205459763;16.239993113659366
228.0;1.0;0;0;0;0;0;0;0;0;1;0;0;0;1;1;0;1;0;1;0;40.0;6.40000000000002;1.2000000000000066;220.0;12.500000000000135;1.0;2874.6000000000063;0;0.7529855297805053;0.5289416319238077;17.030882802344482
229.0;1.0;0;0;0;0;0;0;1;0;1;1;0;0;1;0;0;0;0;1;0;66.0;4.200000000000021;1.5000000000000067;230.0;2.1000000000001364;1.0;3018.6000000000063;0;0.5578254003710746;4.39184959860628;12.616788294271709
230.0;1.0;0;0;0;0;0;0;1;0;1;1;0;0;0;0;0;0;0;1;0;61.0;4.200000000000021;1.5000000000000067;230.0;12.100000000000136;1.0;2958.6000000000063;0;0.4132472205539664;7.253562205141221;9.346746654880294
231.0;1.0;0;0;0;1;0;0;1;0;0;0;1;0;0;0;0;0;0;1;0;55.0;5.200000000000021;2.300000000000007;230.0;12.600000000000135;1.0;2923.0000000000064;0;0.3061410706324548;5.3735710464168776;11.924240226031218
232.0;1.0;1;0;0;1;0;0;0;0;0;0;0;0;0;0;0;0;0;1;0;50.0;5.200000000000021;0.7000000000000068;230.0;7.800000000000139;1.0;3067.0000000000064;0;0.2267948832235313;3.9808393413133483;13.833694427229812
233.0;1.0;1;0;0;1;0;0;0;0;0;0;0;0;0;1;0;0;0;1;1;45.0;5.200000000000021;0.7000000000000068;230.0;17.80000000000014;1.0;3007.0000000000064;0;0.16801378184937446;2.9490783176515363;15.248252891034985
234.0;1.0;1;0;0;1;0;0;0;0;0;0;0;0;0;1;1;0;0;1;1;40.0;5.200000000000021;0.7000000000000068;230.0;7.400000000000141;1.0;3151.0000000000064;0;0.12446767091965989;2.1847309519336453;16.2961835752414
235.0;0.0;1;0;0;1;0;0;0;0;0;0;0;0;0;1;1;0;0;1;1;35.0;5.200000000000021;0.7000000000000068;230.0;17.40000000000014;1.0;3091.0000000000064;0;2.0922079185031;1.6184884964797588;12.07250972011297
236.0;0.0;1;0;0;1;0;0;0;1;0;1;0;1;0;0;1;0;0;1;1;61.0;3.0000000000000213;1.0000000000000069;240.0;7.000000000000142;1.0;3235.0000000000064;0;1.5499457474816671;5.199005768155963;8.943535170016835
237.0;0.0;1;0;0;1;1;0;1;1;0;0;0;1;0;0;1;0;0;1;1;56.0;3.0000000000000213;1.0000000000000069;240.0;17.000000000000142;1.0;3175.0000000000064;0;1.148228050802564;3.8515182024792884;11.625533811256236
238.0;0.0;1;1;0;1;1;1;0;1;0;0;0;1;0;0;1;0;0;1;1;51.0;3.0000000000000213;1.0000000000000069;240.0;27.000000000000142;1.0;3115.0000000000064;1;0.8506282615323926;2.8532748616839547;13.612407272529996
239.0;0.0;1;1;0;1;1;0;0;1;0;0;0;1;0;1;1;0;0;1;1;46.0;3.0000000000000213;1.0000000000000069;240.0;6.6000000000001435;1.0;3359.0000000000064;0;0.63016091517001;2.113758006148582;15.084319334830548
240.0;0.0;1;1;0;1;1;0;0;1;0;0;0;1;0;1;1;0;0;0;1;41.0;3.0000000000000213;1.0000000000000069;240.0;16.600000000000144;1.0;3299.0000000000064;0;0.4668346879194098;1.565910445066728;16.174738609824
time;NSC_res;NSC_G;NSC_PC;Liver_res;Liver_G;Liver_PC;Liver_res2;Pancreas_res;Pancreas_G;Pancreas_PC;Beta_res;Beta_res2;Beta_G;Beta_PC;Alpha_res;Alpha_G;Alpha_PC;Surrenal_res;Surrenal_G;Surrenal_PC;Glucose;Glycogene;AcidesGras;AcidesAmines;AcetylCoA;Pyruvate;ATP;AMPK;Cortisol;Insulin;Glucagon
200.0;1.0;0;1;1;0;0;0;0;0;1;0;0;0;1;1;0;0;1;1;0;44.0;2.200000000000017;0.8000000000000105;185.0;2.4000000000001123;1.0;1941.8000000000056;0;4.240498791290859;0.5577969971604775;10.055627106286964
201.0;1.0;0;1;1;0;0;1;1;0;1;1;0;0;1;0;0;0;1;1;0;73.0;7.000000000000018;1.1000000000000105;190.0;2.4000000000001123;1.0;1861.8000000000056;1;3.1414387693670696;4.4132261789380305;7.4493917807183605
202.0;1.0;0;1;1;0;0;1;1;0;1;1;0;0;1;0;0;0;1;1;0;78.0;7.000000000000018;1.1000000000000105;185.0;2.4000000000001123;1.0;1781.8000000000056;1;1.7240581507055464;5.385302762442841;4.088312891081436
203.0;1.0;0;1;0;1;0;1;1;0;1;1;1;0;1;0;0;0;0;1;0;72.0;8.000000000000018;1.9000000000000106;185.0;2.9000000000001123;1.0;1746.2000000000057;1;1.2772136915574959;6.952803293032117;3.0286966815610796
204.0;1.0;0;0;0;1;0;1;1;0;1;1;1;0;1;0;1;0;0;1;0;90.0;13.800000000000018;3.0000000000000107;195.0;3.4000000000001123;1.0;1710.6000000000058;1;0.9461831744099525;8.114036247020913;2.2437136866187024
205.0;1.0;0;0;0;1;0;1;1;0;1;1;1;0;0;0;1;0;0;1;1;84.0;14.800000000000018;3.8000000000000105;195.0;3.9000000000001123;1.0;1675.000000000006;1;0.7009497357053606;8.974298777791867;1.6621839810400847
time;NSC_res;NSC_G;NSC_PC;Liver_res;Liver_G;Liver_PC;Liver_res2;Pancreas_res;Pancreas_G;Pancreas_PC;Beta_res;Beta_res2;Beta_G;Beta_PC;Alpha_res;Alpha_G;Alpha_PC;Surrenal_res;Surrenal_G;Surrenal_PC;Glucose;Glycogene;AcidesGras;AcidesAmines;AcetylCoA;Pyruvate;ATP;AMPK;Cortisol;Insulin;Glucagon
200.0;1.0;0;1;1;0;0;1;0;1;1;0;0;1;1;1;0;1;1;0;0;46.0;5.200000000000017;0.8000000000000025;195.0;23.000000000000128;1.0;2036.4000000000037;1;3.1414387693670696;0.7984218502317636;12.193400160001072
201.0;1.0;0;1;1;0;0;1;1;0;1;0;0;0;1;0;0;1;1;1;0;75.0;10.000000000000018;1.1000000000000025;200.0;23.000000000000128;1.0;1956.4000000000037;1;2.327235079503078;0.5914854544421001;9.033093010592168
202.0;1.0;0;1;0;0;0;1;1;0;1;1;0;0;1;0;0;1;1;1;0;77.0;3.0000000000000178;1.1000000000000025;200.0;12.60000000000013;1.0;2100.4000000000037;1;1.7240581507055464;3.4014560846457855;6.691879891359352
203.0;1.0;0;1;0;1;0;1;1;0;1;1;0;0;1;0;0;0;0;1;0;71.0;4.000000000000018;1.9000000000000026;200.0;13.100000000000128;1.0;2064.800000000004;1;1.2772136915574959;5.483133527081165;4.957466554132602
204.0;1.0;0;0;0;1;0;1;1;0;1;1;1;0;1;0;0;0;0;1;0;65.0;5.000000000000018;2.700000000000003;200.0;13.600000000000128;1.0;2029.200000000004;1;0.9461831744099525;7.025278106019412;3.6725815517216414
205.0;1.0;0;0;0;1;0;1;1;0;1;1;1;0;1;0;0;0;0;1;0;83.0;10.800000000000018;3.8000000000000025;210.0;14.100000000000128;1.0;1993.600000000004;1;0.7009497357053606;8.1677269090224;2.720715330454929
206.0;1.0;0;0;0;1;0;1;1;0;1;1;1;0;1;0;0;0;0;1;0;77.0;11.800000000000018;4.600000000000002;210.0;14.600000000000128;1.0;1958.000000000004;1;0.5192763359925656;9.014073798483034;2.0155554900890924
207.0;1.0;0;0;0;1;0;1;1;0;1;1;1;0;1;0;0;0;0;1;1;71.0;12.800000000000018;5.400000000000002;210.0;15.100000000000128;1.0;1922.4000000000042;1;0.3846893712721344;9.641062995212767;1.4931602318530692
208.0;1.0;1;0;0;1;0;1;1;0;1;1;1;0;1;0;1;0;0;1;1;65.0;13.800000000000018;6.200000000000002;210.0;15.600000000000128;1.0;1886.8000000000043;1;0.2849848955409913;10.105548016320746;1.106160306154092
209.0;1.0;1;0;0;1;0;1;1;0;0;1;1;0;0;0;1;0;0;1;1;59.0;14.800000000000018;7.000000000000002;210.0;16.10000000000013;1.0;1851.2000000000044;1;0.21112200323584243;10.44964698319127;5.819463709793819
210.0;1.0;1;0;0;1;1;1;0;0;0;0;1;0;0;0;1;0;0;1;1;53.0;15.800000000000018;7.800000000000002;210.0;16.60000000000013;1.0;1815.6000000000045;1;0.15640302678393667;7.741288884839838;9.311164750811287
211.0;0.0;1;0;0;1;1;1;0;0;0;0;1;0;0;1;1;0;0;1;1;47.0;16.80000000000002;8.600000000000001;210.0;14.200000000000129;1.0;1809.0000000000045;1;0.11586621201131103;5.734887857450208;11.897880503170349
212.0;0.0;1;0;0;1;1;1;1;0;0;0;1;0;0;0;1;0;0;1;1;73.0;14.60000000000002;7.3000000000000025;220.0;29.800000000000132;1.0;1749.0000000000045;1;0.08583580101935012;4.248509418365453;8.814166664242359
213.0;0.0;1;0;0;1;1;1;1;1;0;1;0;1;0;0;1;0;0;0;1;67.0;15.60000000000002;8.100000000000003;220.0;27.400000000000134;1.0;1742.4000000000046;1;0.06358872538194495;6.110646070589886;6.529695264996137
214.0;0.0;1;1;0;1;1;1;1;1;0;1;1;1;0;0;1;0;0;0;1;61.0;16.60000000000002;8.900000000000004;220.0;25.000000000000135;1.0;1735.8000000000047;1;0.0;7.490150831957003;4.837317227808277
215.0;0.0;1;1;0;1;1;1;1;1;0;1;1;1;0;0;1;1;0;0;1;55.0;17.60000000000002;9.700000000000005;220.0;22.600000000000136;1.0;1729.2000000000048;1;0.0;8.512113094694946;9.083572741577948
216.0;0.0;1;1;0;1;1;1;0;1;0;0;1;1;0;1;1;1;0;0;1;49.0;18.60000000000002;10.500000000000005;220.0;20.200000000000138;1.0;1722.600000000005;1;0.0;6.305928477053461;12.22927619584873
217.0;0.0;1;1;0;0;1;0;0;1;0;0;1;1;0;0;1;1;0;0;1;51.0;11.60000000000002;8.900000000000006;220.0;5.400000000000141;1.0;1966.600000000005;0;0.0;4.6715467141169205;14.559670631633944
218.0;0.0;1;1;0;0;1;0;0;1;0;0;0;1;0;0;1;1;0;0;1;53.0;4.600000000000019;7.300000000000006;220.0;21.000000000000142;1.0;1906.600000000005;0;0.0;3.460766924583623;16.28606929103892
219.0;0.0;1;1;0;0;1;0;0;1;1;0;0;1;1;1;1;1;0;0;1;48.0;4.600000000000019;5.700000000000006;220.0;6.200000000000145;1.0;2150.600000000005;0;0.0;2.5637991952641803;17.56501687408662
220.0;0.0;0;1;0;0;1;0;0;1;1;0;0;1;1;1;1;1;0;0;1;43.0;4.600000000000019;4.100000000000007;220.0;21.800000000000146;1.0;2090.600000000005;0;0.0;1.8993091580208303;18.5124845469052
221.0;0.0;0;1;0;0;1;0;0;1;1;0;0;1;1;1;0;1;0;0;0;38.0;4.600000000000019;2.5000000000000067;220.0;7.000000000000149;1.0;2334.600000000005;0;2.5;1.4070428309694833;13.714385862436108
222.0;0.0;0;1;0;0;1;0;0;1;1;0;0;1;1;1;0;1;0;0;0;33.0;4.600000000000019;0.9000000000000066;220.0;22.60000000000015;1.0;2274.600000000005;0;4.352045551704295;1.0423629664617797;10.159866932352424
223.0;1.0;0;1;1;0;1;0;0;1;1;0;0;1;1;1;0;1;1;0;0;38.0;4.600000000000019;0.9000000000000066;215.0;22.60000000000015;1.0;2194.600000000005;0;5.724074641939361;0.7722014781187329;7.526614543188346
224.0;1.0;0;1;1;0;1;1;0;1;1;0;0;1;1;1;0;1;1;0;0;43.0;4.600000000000019;0.9000000000000066;210.0;22.60000000000015;1.0;2114.600000000005;1;4.240498791290859;0.5720609250277122;10.575853193641931
225.0;1.0;0;1;1;0;0;1;1;0;1;0;0;0;1;0;0;1;1;1;0;72.0;9.40000000000002;1.2000000000000066;215.0;22.60000000000015;1.0;2034.600000000005;1;3.1414387693670696;0.4237931566005674;7.834784745104879
226.0;1.0;0;1;1;0;0;1;1;0;1;1;0;0;1;0;0;1;1;1;0;77.0;9.40000000000002;1.2000000000000066;210.0;22.60000000000015;1.0;1954.600000000005;1;2.327235079503078;3.277226574936792;5.804151294292863
227.0;1.0;0;1;0;0;0;1;1;0;1;1;0;0;1;0;0;1;0;1;0;71.0;10.40000000000002;2.0000000000000067;210.0;23.10000000000015;1.0;1919.000000000005;1;1.7240581507055464;5.391102042742387;4.299821034405529
228.0;1.0;0;0;0;0;0;1;1;0;1;1;1;0;1;0;0;1;0;1;0;65.0;11.40000000000002;2.800000000000007;210.0;23.60000000000015;1.0;1883.400000000005;1;1.2772136915574959;6.957099505544861;3.1853857679581274
229.0;1.0;0;0;0;0;0;1;1;0;1;1;1;0;1;0;0;0;0;1;0;83.0;17.20000000000002;3.9000000000000066;220.0;24.10000000000015;1.0;1847.8000000000052;1;0.9461831744099525;8.117218959530275;2.3597918168036074
230.0;1.0;0;0;0;1;0;1;1;0;1;1;1;0;1;0;0;0;0;1;0;77.0;18.20000000000002;4.700000000000006;220.0;24.60000000000015;1.0;1812.2000000000053;1;0.7009497357053606;8.976656589209995;1.7481767749037267
231.0;1.0;0;0;0;1;0;1;1;0;1;1;1;0;1;0;0;0;0;1;1;71.0;19.20000000000002;5.500000000000006;220.0;25.10000000000015;1.0;1776.6000000000054;1;0.5192763359925656;9.613343644816238;1.2950812078212828
232.0;1.0;1;0;0;1;0;1;1;0;1;1;1;0;1;0;0;0;0;1;1;65.0;20.20000000000002;6.300000000000006;220.0;25.60000000000015;1.0;1741.0000000000055;1;0.3846893712721344;10.085013016481538;0.9594197560164928
233.0;1.0;1;0;0;1;0;1;1;0;0;1;1;0;0;0;0;0;0;1;1;59.0;21.20000000000002;7.100000000000006;220.0;26.10000000000015;1.0;1705.4000000000055;1;0.2849848955409913;10.434434281148688;5.710755636539026
234.0;1.0;1;0;0;1;0;1;0;0;0;0;1;0;0;0;1;0;0;1;1;53.0;22.20000000000002;7.900000000000006;220.0;26.60000000000015;1.0;1669.8000000000056;1;0.21112200323584243;7.730019037980891;9.230631829408932
235.0;0.0;1;0;0;1;0;1;0;0;0;0;1;0;0;1;1;0;0;1;1;47.0;23.20000000000002;8.700000000000006;220.0;27.10000000000015;1.0;1634.2000000000057;1;0.15640302678393667;5.7265389495528085;11.838220247630755
236.0;0.0;1;0;0;1;0;0;1;0;0;0;1;0;0;0;1;0;0;1;1;73.0;21.00000000000002;7.4000000000000075;230.0;22.300000000000153;1.0;1778.2000000000057;0;0.11586621201131103;4.242324395272266;8.769969259888102
237.0;0.0;1;0;0;1;1;0;1;1;0;1;0;1;0;0;1;0;0;1;1;67.0;22.00000000000002;8.200000000000008;230.0;22.800000000000153;1.0;1742.6000000000058;0;0.08583580101935012;6.106064092787117;6.496953022543666
238.0;0.0;1;1;0;1;1;0;1;1;0;1;1;1;0;0;1;0;0;0;1;61.0;23.00000000000002;9.000000000000009;230.0;20.400000000000155;1.0;1736.000000000006;0;0.06358872538194495;7.486756419313951;4.813061178013507
239.0;0.0;1;1;0;1;1;0;1;1;0;1;1;1;0;0;1;0;0;0;1;55.0;24.00000000000002;9.80000000000001;230.0;18.000000000000156;1.0;1729.400000000006;0;0.0;8.509598451960462;8.56560341792822
240.0;0.0;1;1;0;1;1;0;0;1;0;0;1;1;0;1;1;0;0;0;1;49.0;25.00000000000002;10.60000000000001;230.0;15.600000000000156;1.0;1722.800000000006;0;0.0;6.304065583897251;11.345555083134824
